MAX=(0.8173333333333334, 0.814, 0.050000000000000003)=(accCv, accTest, C)
a=[0.01   0.782;0.02   0.802666666667;0.03   0.806;0.04   0.813333333333;0.05   0.817333333333;0.06   0.813333333333;0.07   0.816;0.08   0.814666666667;0.09   0.814666666667;0.1   0.813333333333;0.11   0.814666666667;0.12   0.815333333333;0.13   0.815333333333;0.14   0.813333333333;0.15   0.812666666667;0.16   0.811333333333;0.17   0.811333333333;0.18   0.81;0.19   0.809333333333;0.2   0.807333333333;0.21   0.808;0.22   0.808666666667;0.23   0.807333333333;0.24   0.808;0.25   0.808666666667;0.26   0.808666666667;0.27   0.808666666667;0.28   0.809333333333;0.29   0.807333333333;0.3   0.806666666667;0.31   0.807333333333;0.32   0.806666666667;0.33   0.808;0.34   0.808666666667;0.35   0.81;0.36   0.809333333333;0.37   0.808666666667;0.38   0.808666666667;0.39   0.810666666667;0.4   0.811333333333;0.41   0.812;0.42   0.812;0.43   0.811333333333;0.44   0.810666666667;0.45   0.809333333333;0.46   0.808666666667;0.47   0.806666666667;0.48   0.807333333333;0.49   0.808666666667;0.5   0.808;0.51   0.809333333333;0.52   0.808;0.53   0.806666666667;0.54   0.806666666667;0.55   0.808;0.56   0.807333333333;0.57   0.806;0.58   0.806;0.59   0.806;0.6   0.806;0.61   0.806;0.62   0.806666666667;0.63   0.806666666667;0.64   0.805333333333;0.65   0.805333333333;0.66   0.806;0.67   0.807333333333;0.68   0.805333333333;0.69   0.806;0.7   0.806666666667;0.71   0.806666666667;0.72   0.807333333333;0.73   0.807333333333;0.74   0.806666666667;0.75   0.807333333333;0.76   0.806;0.77   0.804;0.78   0.804;0.79   0.804;0.8   0.804;0.81   0.803333333333;0.82   0.803333333333;0.83   0.803333333333;0.84   0.803333333333;0.85   0.803333333333;0.86   0.802;0.87   0.802;0.88   0.804;0.89   0.802;0.9   0.802666666667;0.91   0.802666666667;0.92   0.802666666667;0.93   0.802666666667;0.94   0.801333333333;0.95   0.8;0.96   0.8;0.97   0.798666666667;0.98   0.798666666667;0.99   0.798666666667;1.0   0.798666666667;]